20010116
20010125
20010127
20010208
20010303
20010310
20010314
20010406
20010408
20010409
20010410
20010421
20010422
20010504
20010505
20010516
20010517
20010520
20010521
20010526
20010528
20010601
20010602
20010603
20010604
20010907
20010908
20011012
20011123
20011125
20011210
20011211
20011221
20020120
20020122
20020123
20020130
20020218
20020219
20020221
20020226
20020301
20020308
20020311
20020314
20020316
20020318
20020323
20020324
20020329
20020407
20020416
20020419
20020426
20020430
20020501
20020502
20020507
20020515
20020521
20020522
20020523
20020603
20020614
20020616
20020617
20021018
20021109
20021115
20021217
20030304
20030316
20030317
20030327
20030328
20030403
20030405
20030408
20030411
20030413
20030415
20030417
20030418
20030419
20030422
20030423
20030503
20030505
20030507
20030515
20030611
20030612
20030620
20030621
20030624
20031029
20031030
20031122
20031125
20031208
20031215
20031226
20031227
20040103
20040125
20040203
20040219
20040228
20040304
20040305
20040309
20040419
20040420
20040421
20040422
20040429
20040430
20040511
20040512
20040515
20040521
20040522
20040523
20040524
20040527
20040529
20040609
20040610
20040630
20040703
20040704
20040706
20040707
20050112
20050312
20050313
20050321
20050323
20050324
20050326
20050329
20050330
20050404
20050405
20050409
20050419
20050424
20050428
20050429
20051103
20051111
20060215
20060304
20060308
20060310
20060311
20060312
20060318
20060319
20060427
20060505
20060522
20060525
20060531
20060615
20060619
20061129
20070223
20070228
20070328
20070412
20070416
20070421
20071221
20071225
20080106
20080107
20080130
20080203
20080204
20080215
20080314
20080316
20080403
20080409
20080410
20080415
20080416
20080420
20080430
20080501
20080506
20080512
20080513
20080521
20080522
20080523
20080604
20080605
20081022
20081208
20090326
20090330
20091208
20100121
20100220
20100326
20100401
20100429
20101121
20101128
20101230
20110208
20110227
20110307
20110321
20110404
20110408
20110409
20110414
20110424
20110426
20110429
20110430
20110509
20110510
20110518
20110524
20110529
20110530
20110607
20110608
20110612
20110619
20111102
20111105
20111107
20111121
20120228
20120302
20120306
20120307
20120317
20120318
20120401
20120402
20120403
20120412
20120414
20120419
20120426
20120502
20120518
20120522
20120523
20120524
20120525
20120526
20120609
20121110
20121219
20130129
20130209
20130220
20130224
20130226
20130304
20130317
20130323
20130408
20130409
20130414
20130415
20130416
20130417
20130425
20130502
20130513
20130520
20130529
20130603
20130609
20130626
20131010
20140402
20140426
20140427
20140430
20140501
20140505
20140507
20140511
20150508
20150613
20151116
20151220
20160124
20160201
20160218
20160222
20160312
20160322
20160323
20160329
20160410
20160415
20160416
20160424
20160425
20160426
20160428
20160506
20160507
20160508
20160516
20160522
20160523
20160524
20160525
20160526
20161117
20161216
20161217
20170211
20170223
20170228
20170323
20170331
20170404
20170424
20170425
20170506
20170509
20170515
20170516
20170526
20170610
20170611
20180110
20180120
20180121
20180228
20180315
20180318
20180412
20180413
20180419
20180420
20180502
20180512
20181130
20190118
20190206
20190211
20190216
20190222
20190313
20190403
20190410
20190411
20190507
20190517
20190518
20190520
20190521
20190522
20190523
20190526
20190527
20190614
20190615
20190621
20200223
20200225
20200327
20201109
20201124
20201213
